-225.711700 114.981728 -122.559013 3.500092 89.200111 0.000000
-207.746994 113.882820 -122.809845 353.700073 86.400116 0.000000
-194.131714 105.627846 -122.613022 35.700012 93.400131 0.000000
-181.531815 92.906639 -123.541046 4.199951 52.100124 0.000000
-168.683197 94.434570 -134.044464 44.100037 89.900108 0.000000
-148.787445 74.746140 -134.046631 48.300049 90.600105 0.000000
-123.820465 51.279221 -133.785141 8.400055 90.600105 0.000000
-109.934296 49.743530 -134.320374 2.100006 75.900124 0.000000
-89.957855 49.303768 -131.032227 357.200073 33.900101 0.000000
-84.092529 49.035133 -134.089600 0.700012 68.900146 0.000000
-71.175224 49.669601 -136.617172 0.700012 148.000137 0.000000
-69.829010 49.303139 -124.709824 1.400024 180.200119 0.000000
-70.035622 50.103344 -106.816254 330.599976 177.400101 0.000000
-70.338524 83.464417 -71.649223 315.199951 177.400101 0.000000
-69.437248 103.194214 -51.801720 315.199951 181.600082 0.000000
-69.500664 125.265610 -28.721897 304.699860 180.900101 0.000000
-69.683609 142.307938 -16.848045 354.399872 180.200089 0.000000
-69.686890 144.089203 5.071234 357.899902 179.500092 0.000000
-69.842323 138.405716 13.269958 44.099976 180.900101 0.000000
-70.148544 125.826920 26.140408 44.799988 182.300095 10.000000
-70.420059 117.479019 34.748890 40.599976 179.500107 35.000000
-71.673157 106.616844 46.843739 24.499939 180.900131 50.000000
-71.230141 101.691940 62.191341 12.599884 177.400116 75.000000
-76.514046 100.015457 68.442871 357.200043 252.300034 75.000000
-91.718140 103.092995 72.886154 348.800079 258.600006 90.000000
-97.720413 103.353867 70.173889 354.400085 323.700043 90.000000
-105.239594 103.914642 58.458195 2.100098 332.100037 90.000000
-110.850952 103.474915 47.860119 339.000000 320.899933 45.000000
-117.729660 104.611275 34.959660 332.700073 314.599915 20.000000
-122.536308 107.785286 33.674805 321.499969 271.900024 5.000000
-140.759827 123.378304 33.197433 317.999969 271.200012 5.000000
-149.106552 129.169373 44.809116 352.299896 183.000092 0.000000
-149.937881 131.021423 60.671673 356.499908 183.000092 0.000000
-155.596893 130.495163 81.865005 3.499969 190.000107 20.000000
-160.317993 128.251251 99.205025 3.499969 190.000107 35.000000
-165.247818 121.516785 108.201859 2.099884 178.800110 60.000000
-161.907394 122.415955 129.580582 339.699951 162.700043 70.000000
-159.681717 131.275558 147.138046 330.599854 179.499985 80.000000
-154.872025 141.563934 152.777313 330.599854 179.499985 35.000000
-151.944122 148.747238 173.516113 355.099884 215.899979 355.000000
-159.021149 149.333176 177.200195 355.799896 242.499969 355.000000
-176.714569 149.680252 187.174606 9.099792 236.199890 0.000000
-189.021332 141.528717 191.133911 43.399994 269.799988 0.000000
-218.528732 111.711311 191.141998 49.700043 270.499969 0.000000
-231.464066 96.457939 191.029083 49.700043 270.499969 0.000000
-250.234543 76.750656 190.461685 356.499969 281.699982 0.000000
-259.284271 78.835739 186.767593 350.899963 293.600037 0.000000
-273.698029 80.173286 180.151062 5.599976 296.400055 345.000000
-290.053314 75.787865 177.908585 4.199982 296.400085 325.000000
-302.650787 74.957764 171.873230 1.399933 293.600067 315.000000
-313.643890 74.664612 167.070465 1.399933 293.600067 310.000000
-323.055298 76.351593 163.523605 1.399933 293.600067 345.000000
-341.306427 77.642990 162.008163 6.299957 244.600006 0.000000
-353.416138 76.252632 168.804962 356.499878 201.900040 0.000000
-357.954041 78.980522 204.075974 358.599945 181.600006 0.000000
-359.265442 79.957848 244.027542 358.599915 178.100037 0.000000
-354.569153 80.129410 263.356262 2.099884 149.400055 0.000000
-347.026794 78.776009 281.055786 325.699799 91.300041 0.000000
-330.509155 90.046608 281.430542 315.899750 90.600052 0.000000
-311.839111 108.140404 281.626129 315.899750 90.600052 0.000000
-299.080414 109.792809 281.564667 16.099884 92.700043 0.000000
-281.668732 96.649948 282.059479 39.899811 90.600029 0.000000
-256.593170 73.776154 282.322266 45.499817 90.600029 0.000000
-236.097855 68.158974 281.902252 4.199768 89.900017 0.000000
-214.156937 66.547813 281.863983 342.499725 90.600021 0.000000
-194.075943 79.379601 282.035675 322.199677 89.900024 0.000000
-172.468475 103.733658 281.998138 322.199677 89.900024 0.000000
-164.157379 109.255783 281.962067 331.999695 89.200027 0.000000
-140.658997 115.061058 280.795288 358.599792 53.500042 0.000000
-121.847466 115.574203 265.934570 0.699768 47.900043 0.000000
-107.009056 115.329910 252.526978 4.899780 57.000046 0.000000
-90.127602 112.894226 241.566727 8.399811 70.300041 0.000000
-72.065552 109.876114 233.434647 13.999847 76.600029 0.000000
-55.015720 104.910446 231.109390 18.899902 78.000046 0.000000
-38.999950 92.353706 227.160538 18.899902 57.700058 0.000000
-22.787111 86.942383 216.911285 3.499878 40.200054 0.000000
-13.767546 86.087730 206.238144 353.699829 16.400057 0.000000
-10.961173 87.185104 196.702927 322.899750 3.100057 0.000000
-10.447811 102.274536 180.720230 315.899750 1.700057 0.000000
-15.291924 110.811256 159.283722 359.299805 321.100037 0.000000
-28.087420 110.786934 143.930954 2.799835 316.899994 0.000000
-37.795353 110.176338 133.877975 0.699799 310.599945 0.000000
-59.883923 110.127525 125.831085 359.299805 255.999878 0.000000
-73.467041 110.298584 129.217758 2.099792 221.699860 0.000000
-82.774010 109.785622 139.663712 26.599762 180.399857 0.000000
-83.043594 97.413116 157.475739 53.199768 180.399857 0.000000
-82.609108 94.370369 164.833664 13.299774 180.399872 0.000000
-82.595940 85.986382 175.958344 27.299774 178.299881 0.000000
-80.745789 87.339043 178.501999 321.499756 182.499863 0.000000
-81.572250 108.236549 199.636551 315.899780 181.099869 0.000000
-81.845474 129.114014 221.175629 315.899780 178.299881 0.000000
-81.482956 150.841675 244.642670 319.399780 180.399872 0.000000
-80.786873 157.926315 260.829834 2.099884 191.599884 0.000000
-72.696854 158.559814 278.371887 3.499908 136.299896 0.000000
-60.284157 157.460907 291.361023 355.799866 115.299919 0.000000
-44.815792 158.876266 294.429749 355.799866 89.399948 0.000000
-18.740582 158.785934 294.156860 355.799866 90.799942 0.000000
11.202041 160.128632 294.575104 0.699890 90.799942 0.000000
43.185768 159.371399 294.777588 2.799896 89.399940 0.000000
69.153297 158.101273 294.505432 356.499817 89.399933 0.000000
89.117218 159.126892 294.345184 2.099884 90.799919 0.000000
92.750938 153.138062 294.351501 352.999817 89.399925 0.000000
98.870171 152.304123 294.436981 40.599884 90.799927 0.000000
114.054115 139.288681 294.649078 46.199890 90.799927 0.000000
125.127357 127.740578 294.803619 46.199890 88.699936 0.000000
140.909393 120.179855 293.197632 9.099823 90.799927 0.000000
166.675751 118.698357 294.288666 0.699768 85.899918 0.000000
180.001892 119.911919 297.553040 8.399780 43.899918 0.000000
193.804733 117.501114 283.314972 0.699738 41.099918 0.000000
204.321945 117.305740 271.258820 358.599701 8.199921 0.000000
205.837265 117.891586 259.379669 356.499695 4.699921 0.000000
206.822189 118.453407 241.466675 2.099731 353.499878 0.000000
212.760513 118.331291 234.862625 359.299713 12.399860 0.000000
217.182404 118.770256 235.366745 352.299652 64.899864 0.000000
220.855377 120.203758 234.692612 324.299591 87.299843 0.000000
237.972305 133.959274 233.885361 317.999542 87.999832 0.000000
258.767456 152.695084 233.159042 317.999542 96.399811 0.000000
267.629578 160.724716 234.153030 322.199524 118.799812 0.000000
273.168884 165.628036 237.198257 320.099518 127.199844 0.000000
279.196442 171.754395 242.291260 323.599518 132.099838 0.000000
287.604584 179.347427 251.051132 330.599457 106.899849 0.000000
295.569397 185.320877 254.075104 317.299408 88.699837 0.000000
307.325012 196.171585 253.808258 313.799408 86.599838 0.000000
319.045044 207.642258 248.889191 317.999390 53.699841 0.000000
328.527496 217.660324 245.223511 343.199371 35.499836 0.000000
334.591095 218.440948 229.643875 359.299377 320.599823 0.000000
322.335602 219.439819 221.389801 351.599396 272.299774 0.000000
304.478607 221.412872 220.819290 344.599335 268.099762 0.000000
287.524872 231.968124 222.723816 317.999298 271.599792 0.000000
278.046387 240.041550 221.930206 345.299286 265.299774 0.000000
259.484314 244.203491 227.366486 357.199249 224.699799 0.000000
249.648605 244.887619 237.305832 0.699249 223.999802 0.000000
239.656235 244.692307 250.470612 359.999237 235.899796 0.000000
231.363754 244.448288 262.141998 0.699219 268.099854 0.000000
221.364227 244.423996 262.204834 0.699219 270.199890 0.000000
207.523346 242.872940 262.348145 17.499237 268.799866 0.000000
192.847198 236.558273 262.439880 27.999268 272.299866 0.000000
183.275406 233.874298 262.341797 2.799225 266.699890 0.000000
166.509781 233.092926 259.344849 2.099213 253.399902 0.000000
148.108597 232.702332 266.905090 355.799164 241.499908 0.000000
128.515915 233.264404 270.082458 1.399170 268.099976 0.000000
106.534546 232.727295 270.811584 359.299164 258.299988 0.000000
80.383545 232.385544 270.368591 359.299164 258.999939 0.000000
75.460503 231.535187 266.277588 5.599182 288.399933 0.000000
77.284164 232.047791 259.319702 352.999176 314.999908 0.000000
73.659088 232.391342 245.025620 354.399139 0.499939 0.000000
73.763275 233.562485 233.083389 5.599213 6.099920 0.000000
69.797325 232.391617 218.367325 1.399139 31.999916 0.000000
83.348206 232.123230 206.537033 2.799103 48.099911 0.000000
95.866295 231.561676 196.646606 0.699097 58.599915 0.000000
115.894997 231.439865 187.988541 359.999084 70.499908 0.000000
129.870743 231.342361 185.575104 1.399078 71.899910 0.000000
142.708374 231.147141 180.261673 357.199036 43.899910 0.000000
146.013947 232.342224 168.994003 356.499054 1.899912 0.000000
146.409363 233.413010 157.072906 346.699005 1.899912 0.000000
145.115540 238.311905 135.750702 333.398956 1.899939 0.000000
145.767883 243.690842 116.087509 312.398956 359.099915 0.000000
145.558838 258.623840 102.784821 292.798950 1.899939 0.000000
145.555161 268.619202 102.837212 254.298874 1.199939 0.000000
145.490295 282.924835 110.276413 230.498901 0.499939 0.000000
146.155304 291.117401 118.948647 211.598923 352.799896 0.000000
149.469162 295.127411 129.248367 187.098923 343.699860 0.000000
157.766357 296.262207 136.612411 175.198959 359.799805 0.000000
157.619858 292.460724 151.985580 147.198990 358.399780 0.000000
157.517212 284.876678 163.752899 122.699020 3.299786 0.000000
157.424561 274.859161 170.351334 104.499069 3.299725 0.000000
158.087738 259.767853 167.918076 38.698883 20.799637 0.000000
163.085938 253.930756 158.816849 29.598938 32.699631 0.000000
173.187912 247.305222 148.733322 10.698975 56.499626 0.000000
183.118912 243.617844 143.422531 16.298981 67.699623 0.000000
195.333954 240.895203 137.573135 0.898956 48.099621 0.000000
207.257629 240.644226 126.907333 4.398987 68.399628 0.000000
225.025986 240.068848 126.448952 0.898956 87.999634 0.000000
241.014267 239.817871 125.890541 0.898956 87.999634 0.000000
250.949188 238.929123 125.178337 31.699036 87.999649 0.000000
251.618866 234.989334 125.167206 82.799011 90.799644 0.000000
253.179138 221.080002 125.189003 86.999023 90.799644 0.000000
254.330734 199.110214 125.205116 86.999023 90.799644 0.000000
255.168259 183.132187 125.216835 86.999023 90.799644 0.000000
255.691711 173.145920 125.224159 86.999023 90.799644 0.000000
