294.527985 146.032516 -308.772156 67.200073 180.300034 0.000000
294.471619 129.210602 -305.993347 54.600067 180.300034 0.000000
294.423035 116.168549 -296.725037 51.100006 180.300034 0.000000
294.370422 103.716644 -286.677795 39.899963 180.300034 0.000000
294.272858 88.593361 -268.058044 34.999939 180.300034 0.000000
294.221405 81.710449 -258.228302 18.899902 179.600037 0.000000
294.407013 72.919899 -231.648636 14.699860 179.600037 0.000000
294.754456 70.149933 -195.874725 1.399841 179.600037 0.000000
294.921814 70.833382 -171.909317 0.699890 179.600037 0.000000
293.574707 70.735680 -156.034073 0.699890 199.200012 0.000000
285.137024 70.344795 -133.585342 1.399902 203.400009 0.000000
269.779694 69.465271 -101.047821 1.399902 206.199997 0.000000
262.717682 69.074371 -86.695984 1.399933 225.099945 0.000000
247.682755 68.390404 -73.633484 2.799957 250.999924 0.000000
224.415344 70.147934 -69.183792 357.899902 267.799835 0.000000
196.305023 70.355530 -70.532333 340.399780 263.599884 0.000000
175.396988 81.825989 -69.431870 317.999695 268.499908 0.000000
161.736252 96.429298 -69.074127 316.599731 267.799896 0.000000
144.311386 112.919502 -68.404694 320.799805 267.799896 0.000000
131.921432 123.032021 -67.928711 335.499817 271.999939 0.000000
109.528336 128.692215 -69.678925 8.399872 265.699829 0.000000
93.744522 126.354935 -68.492096 4.199860 250.999832 0.000000
76.466072 125.964066 -52.324493 359.999847 231.399826 0.000000
63.961769 125.964096 -42.342377 359.999847 231.399826 0.000000
51.457466 125.964127 -32.360260 0.699860 241.199799 0.000000
33.439301 125.719833 -24.548012 0.699860 268.499817 0.000000
5.467989 125.671021 -24.840740 1.399872 272.699799 0.000000
-22.491554 126.745773 -25.572849 0.699860 269.199768 0.000000
-62.484680 126.257187 -25.014244 0.699860 271.299805 0.000000
-94.474060 125.866318 -25.740074 23.799927 268.499817 0.000000
-117.246948 110.269600 -25.440847 46.199982 269.199829 0.000000
-131.088470 95.834404 -25.247528 36.399872 259.399750 0.000000
-146.297302 83.810165 -20.769285 38.499908 234.199753 0.000000
-162.323730 71.497490 -8.219240 6.999725 225.099777 0.000000
-173.572632 69.547661 2.990573 354.399658 255.199753 0.000000
-193.096878 70.132874 6.152775 4.199646 269.199738 0.000000
-213.041260 68.668221 6.431357 7.699677 222.299744 0.000000
